% Meteorological data  in a defined location, that is Almeria (Spain). 

%Almeria: 36.844495 N --->	36° 50' 40.182'' N
%Almeria: -2.352481 E --->	-3° 38' 51.068'' E


%Source: PV-GIS (https://re.jrc.ec.europa.eu/pvg_tools/en/)

%% Legend
%Inclination: Inclination of sunrays respect to normal to fixed sloped plane 
%Irradiance_si: Irradiance on fixed sloped plane
%Irradiance_ts: Module of solar irradiance
%T_ext: Ambient temperature

%Slope angle: 30.1
%Azimuth angle: 0

%Reference is local time. 



%%

time = 3600*[0,1,2,3,4,5,6,7,8,9,10,11,12,13,14,15,16,17,18,19,20,21,22,23,24];

%%

Irradiance_si = struct();
Irradiance_ts = struct();
T_ext = struct();
Inclination=struct();

Irradiance_si.January=[0	0	0	0	0	0	0	0	0	192.77	393.69	556.78	664.65	702.55	670.75	602.77	449.19	260.06	10.06	0	0	0	0	0	0];
Irradiance_si.February=[0	0	0	0	0	0	0	0	13.57	230.11	437.45	600.12	722.56	771.86	770.76	684.68	531.9	338.44	119.31	0	0	0	0	0	0];
Irradiance_si.March=[0	0	0	0	0	0	0	0.13	105.97	307.88	499.81	669.12	781.11	804.77	799.98	709.06	560.01	373.34	171.51	4.1	0	0	0	0	0];
Irradiance_si.April=[0	0	0	0	0	0	0	28.67	183.68	381.48	564	719.39	822.15	853.12	839.46	733.37	594.25	403.49	199.65	29.66	0	0	0	0	0];
Irradiance_si.May=[0	0	0	0	0	0	1.59	69.12	233.17	428.28	611.95	753.16	861.22	890.23	852.95	748.07	605.01	418.62	220.6	54.76	0.33	0	0	0	0];
Irradiance_si.June=[0	0	0	0	0	0	9.31	75.91	244.15	445.57	631.67	781.92	886.29	925.73	894.54	796.05	644.72	454.78	254.07	78.25	10.36	0	0	0	0];
Irradiance_si.July=[0	0	0	0	0	0	1.03	61.29	223.19	425.55	622.85	784.58	894.24	949.4	914.89	822.55	669.93	477.63	269.82	85.92	9.58	0	0	0	0];
Irradiance_si.August=[0	0	0	0	0	0	0	37.93	203.32	410.94	613.1	780.14	889.51	935.05	916.16	817.16	656.8	454.93	239.94	56.09	0.1	0	0	0	0];
Irradiance_si.September=[0	0	0	0	0	0	0	12.17	176.63	383.65	569.78	728.98	829.96	874.88	841.57	724.13	567.37	363.08	152.97	6.62	0	0	0	0	0];
Irradiance_si.October=[0	0	0	0	0	0	0	0	135.88	347.8	531.67	686.64	759.17	781.98	736.77	619.68	458.14	253.74	42.97	0	0	0	0	0	0];
Irradiance_si.November=[0	0	0	0	0	0	0	0	44.74	273.97	455.4	602.68	678.76	708.65	661.09	549.27	384.42	180.41	0	0	0	0	0	0	0];
Irradiance_si.December=[0	0	0	0	0	0	0	0	0	202.44	406.2	559.01	664.33	691.06	653.13	551.06	400.87	185.17	0	0	0	0	0	0	0];


Irradiance_ts.January=[0	0	0	0	0	0	0	0	0	441.66	629.2	726.46	778.14	788.06	770.18	758.21	669.06	524	30.47	0	0	0	0	0	0];
Irradiance_ts.February=[0	0	0	0	0	0	0	0	52.9	487.42	662.93	746.13	802.65	820.93	833.55	804.35	728.45	604.82	352.2	0	0	0	0	0	0];
Irradiance_ts.March=[0	0	0	0	0	0	0	0.09	339.8	576.1	696.44	782.42	823.74	816.08	829.44	798.85	737.08	632.97	452.75	22.07	0	0	0	0	0];
Irradiance_ts.April=[0	0	0	0	0	0	0	188.55	480.37	653.18	747.45	812.74	847.62	853.85	866.01	829.91	793.51	702.89	543.33	251.24	0	0	0	0	0];
Irradiance_ts.May=[0	0	0	0	0	0	1.79	359.33	585.01	724.85	812.8	855.64	895.75	901.46	894.14	864.55	828.47	745.78	602.45	358.43	0.17	0	0	0	0];
Irradiance_ts.June=[0	0	0	0	0	0	56.73	420.89	644.26	793.56	870.52	910.39	937.91	949.36	946.81	928.47	889.08	814.13	687.38	465.64	63.87	0	0	0	0];
Irradiance_ts.July=[0	0	0	0	0	0	0.7	359.89	609.72	772.81	871.2	919.62	945.61	967.02	957.38	945.08	908.86	836.89	703.53	468.09	50.65	0	0	0	0];
Irradiance_ts.August=[0	0	0	0	0	0	0	252.85	557.67	735.99	839.11	897.73	924.45	937.55	945.38	928.47	884.73	798.77	646.59	358.38	0.05	0	0	0	0];
Irradiance_ts.September=[0	0	0	0	0	0	0	70.39	460.01	653.26	750.23	819.65	855.77	880.13	878.79	837.51	786.24	667.53	458.57	39.2	0	0	0	0	0];
Irradiance_ts.October=[0	0	0	0	0	0	0	0	352.88	592.6	704.53	784.65	802.01	814.2	802.66	754.54	677.51	518.45	156.74	0	0	0	0	0	0];
Irradiance_ts.November=[0	0	0	0	0	0	0	0	129.93	502.55	639.38	726.6	756.59	779.6	762.81	711.93	609.58	409.01	0	0	0	0	0	0	0];
Irradiance_ts.December=[0	0	0	0	0	0	0	0	0	424.19	624.55	720.69	780.51	789.52	774.42	726.97	644.3	419.29	0	0	0	0	0	0	0];


Inclination.January=[1.57079632679490	1.57079632679490	1.57079632679490	1.57079632679490	1.57079632679490	1.57079632679490	1.57079632679490	1.57079632679490	1.37125411800000	1.13517503300000	0.909532338000000	0.705094988000000	0.546725351000000	0.482487458000000	0.546725351000000	0.705094988000000	0.909532338000000	1.13517503300000	1.37125411800000	1.57079632679490	1.57079632679490	1.57079632679490	1.57079632679490	1.57079632679490	1.57079632679490];
Inclination.February=[1.57079632679490	1.57079632679490	1.57079632679490	1.57079632679490	1.57079632679490	1.57079632679490	1.57079632679490	1.57079632679490	1.34485727700000	1.09573285600000	0.852906135000000	0.623960281000000	0.431743913000000	0.344606447000000	0.431743913000000	0.623960281000000	0.852906135000000	1.09573285600000	1.34485727700000	1.57079632679490	1.57079632679490	1.57079632679490	1.57079632679490	1.57079632679490	1.57079632679490];
Inclination.March = [1.57079632679490	1.57079632679490	1.57079632679490	1.57079632679490	1.57079632679490	1.57079632679490	1.57079632679490	1.57079632679490	1.31616924200000	1.05734511100000	0.800037927000000	0.546478388000000	0.306212997000000	0.159601546000000	0.306212997000000	0.546478388000000	0.800037927000000	1.05734511100000	1.31616924200000	1.57079632679490	1.57079632679490	1.57079632679490	1.57079632679490	1.57079632679490	1.57079632679490];
Inclination.April=[1.57079632679490	1.57079632679490	1.57079632679490	1.57079632679490	1.57079632679490	1.57079632679490	1.57079632679490	1.55161382600000	1.29453781400000	1.03671125700000	0.778503017000000	0.520309733000000	0.263277682000000	0.0463473060000000	0.263277682000000	0.520309733000000	0.778503017000000	1.03671125700000	1.29453781400000	1.55161382600000	1.57079632679490	1.57079632679490	1.57079632679490	1.57079632679490	1.57079632679490];
Inclination.May=[1.57079632679490	1.57079632679490	1.57079632679490	1.57079632679490	1.57079632679490	1.57079632679490	1.57079632679490	1.53293976300000	1.28579070900000	1.03805505800000	0.791755314000000	0.551009470000000	0.330399975000000	0.210408255000000	0.330399975000000	0.551009470000000	0.791755314000000	1.03805505800000	1.28579070900000	1.53293976300000	1.57079632679490	1.57079632679490	1.57079632679490	1.57079632679490	1.57079632679490];
Inclination.June=[1.57079632679490	1.57079632679490	1.57079632679490	1.57079632679490	1.57079632679490	1.57079632679490	1.57079632679490	1.52470315800000	1.28440051500000	1.04395569400000	0.806557293000000	0.578739014000000	0.380692137000000	0.285457413000000	0.380692137000000	0.578739014000000	0.806557293000000	1.04395569400000	1.28440051500000	1.52470315800000	1.57079632679490	1.57079632679490	1.57079632679490	1.57079632679490	1.57079632679490];
Inclination.July=[1.57079632679490	1.57079632679490	1.57079632679490	1.57079632679490	1.57079632679490	1.57079632679490	1.57079632679490	1.52831364300000	1.28481070000000	1.04094408600000	0.799367645000000	0.565541633000000	0.357446024000000	0.252296157000000	0.357446024000000	0.565541633000000	0.799367645000000	1.04094408600000	1.28481070000000	1.52831364300000	1.57079632679490	1.57079632679490	1.57079632679490	1.57079632679490	1.57079632679490];
Inclination.August=[1.57079632679490	1.57079632679490	1.57079632679490	1.57079632679490	1.57079632679490	1.57079632679490	1.57079632679490	1.54337660500000	1.28976929700000	1.03533631100000	0.780975010000000	0.528259164000000	0.283244504000000	0.117905805000000	0.283244504000000	0.528259164000000	0.780975010000000	1.03533631100000	1.28976929700000	1.54337660500000	1.57079632679490	1.57079632679490	1.57079632679490	1.57079632679490	1.57079632679490];
