% Meteorological data  in a defined location, that is Fermo (Italy). 

%Fermo: 43°03'37.15''N ---> 43.1603 N 
%Fermo: 13°43'05.15''E ---> 13.7181 E 

%Source: http://www.solaritaly.enea.it/StrDiagrammiSolari/X12Mesi2.php
%http://www.solaritaly.enea.it/StrDiagrammiSolari/X12Mesi1.php
%Source: https://re.jrc.ec.europa.eu/pvg_tools/en/

%% Legend
%Incl_  : Inclination of sunrays respect to normal to fixed sloped plane 
%S_: Irradiance on fixed sloped plane
%T_ext_ : Ambient temperature

%Slope angle: 33.7
%Azimuth angle: 0

%Reference is UTC time.

%ts: tracking system
%si: sloped inclination

%%

time = 3600*[0,1,2,3,4,5,6,7,8,9,10,11,12,13,14,15,16,17,18,19,20,21,22,23,24];

%%

Irradiance_si = struct();
Irradiance_ts = struct();
T_ext = struct();
Inclination=struct();

Irradiance_si.January=[0, 0, 0, 0, 0, 0, 0, 97.77, 268.85, 390.85, 472.75, 504.61, 477.62, 390.85, 284.76, 103.62, 0, 0, 0, 0, 0, 0, 0, 0, 0];
Irradiance_si.February=[0, 0, 0, 0, 0, 0, 4.16, 167.48, 335.1, 464.25, 548.3, 582.05, 544.5, 492.23, 366.87, 228.73,	31.88, 0, 0, 0, 0, 0, 0, 0, 0];
Irradiance_si.March=[0, 0, 0, 0, 0, 0.6, 92.92, 266.37, 445.34, 588.79, 667.5, 697.03, 631.17, 592.49, 457.11, 301.14, 132.24, 1.19, 0, 0, 0, 0, 0, 0, 0];
Irradiance_si.April=[0 0 0 0 0 40.62 186.29 374.52 550.76 697.24 778.79 812.05 773.58 661.28 512.56 343.13 169.05 27.86 0	0 0	0 0	0 0];
Irradiance_si.May=[0, 0, 0, 0, 12.66, 85.41, 239.92, 417.7, 583.59, 698.7, 753.85, 777.42, 736.42, 632.12, 502.84, 355.18, 195.69, 56.51, 3.06, 0, 0, 0, 0, 0, 0];
Irradiance_si.June=[0, 0, 0, 0, 27.22, 100.28, 264.94, 450.84, 618.38, 740.03, 815.78, 837.59, 801.73, 701.07, 554.01, 398.29, 233.65, 73.7, 21.86, 0, 0, 0, 0, 0, 0];
Irradiance_si.July=[0, 0, 0, 0, 15.64, 84.28, 256.65, 457.95, 644.74, 784.76, 883.62, 915.9, 860.74, 756.59, 609.45, 436.72, 252.68, 70.83, 20.42, 0, 0, 0, 0, 0, 0];
Irradiance_si.August=[0, 0, 0, 0, 0, 55.88, 223.37, 429.22, 629.66, 779.34, 867.25, 906.02, 857.52, 746.63, 569.93, 399.21, 214.28, 48.37, 0.42, 0, 0, 0, 0, 0, 0];
Irradiance_si.September=[0, 0, 0, 0, 0, 19.18, 176.56, 370.22, 565.68, 698.63, 774.07, 796.38, 723.29, 631.12, 472.64, 294.53, 120.97, 5.2, 0, 0, 0, 0, 0, 0, 0];
Irradiance_si.October=[0, 0, 0, 0, 0, 0, 106.69, 284.75, 443.31, 558.38, 622.64, 639.97, 581.67, 496.81, 351.29, 186.84, 10.65, 0, 0, 0, 0, 0, 0, 0, 0];
Irradiance_si.November=[0, 0, 0, 0, 0, 0, 14.29, 178.32, 340.1, 455.4, 529.79, 533.44, 477.1, 365.36, 233.64, 49.01, 0, 0, 0, 0, 0, 0, 0, 0, 0];
Irradiance_si.December=[0, 0, 0, 0, 0, 0, 0, 113.86, 294.98, 425.88, 504.54, 531.76, 479.38, 375.34, 237.95, 8.64, 0, 0, 0, 0, 0, 0, 0, 0, 0];

Irradiance_ts.January=[0 0 0 0 0 0 0 215.93	411.25 499.17 546.72 567.5 549.88 489.72 423.79	198.96 0 0 0 0 0 0 0 0 0];
Irradiance_ts.February=[0 0	0 0	0 0 11.75 331.16 485.68 562.33 602.51 616.86 588.92 576.51 496.55 408.79 80.67 0 0 0 0 0 0 0 0];
Irradiance_ts.March=[0 0 0 0 0 1.91 258.42 471.01 603.33 677.41 700.37 708.79 655.21 671.34 601.96 511.85 361.34 0.63 0	0 0	0 0	0 0];
Irradiance_ts.April=[0 0 0 0 0 185.65 436.93 610.87	708.97 774.66 798.28 813.16 800.59 750.15 680.56 583.68 444.34 21.46 0 0 0 0 0 0 0];
Irradiance_ts.May=[0 0 0 0 7.03	332.08 529.72 663.72 744.02	774.01 774.83 783.93 768.88	722.52 672.81 608.65 482.44	34.6 1.65 0	0 0	0 0	0];
Irradiance_ts.June=[0 0	0 0	15.44 426.27 630.63 747.21 810.93 835.79 849.18	851.52 842.38 806.61 743.82	684.39 592.12 47.25	12.13 0	0 0	0 0	0];
Irradiance_ts.July=[0 0	0 0	8.66 439.35	672.86 802.1 871.61	897.64 920.4 925.19	896.34 862.84 818.21 755.7 655.49 45.17	11.26 0	0 0	0 0	0];
Irradiance_ts.August=[0	0 0	0 0	301.19 578.32 741.99 839.97	879.79 893.16 906.42 885.71	848.03 762.73 693.25 566.01	35.78 0.22 0 0 0 0 0 0];
Irradiance_ts.September=[0 0 0 0 0 97.87 426.26	610.06 733.26 778.23 796.58	804.48 758.7 733 657.61	540.14 362.39 2.84 0 0 0 0 0 0 0];
Irradiance_ts.October=[0 0 0 0 0 0 257.42 462.83 572.72	630.91 657.12 669.7	638.73 611.06 526.14 389.74	20.31 0	0 0	0 0	0 0	0];
Irradiance_ts.November=[0 0	0 0	0 0	38.26 308.8	466.13 544.12 591.33 589.97	552.56 469.82 367.5	94.44 0	0 0	0 0	0 0	0 0];
Irradiance_ts.December=[0 0	0 0	0 0	0 236.75 446.26	544.99 594.39 613.47 575.07	498.98 386.49 4.65 0 0 0 0 0 0 0 0 0];

Inclination.January=[pi/2, pi/2, pi/2, pi/2, pi/2, pi/2, 1.389945535, 1.156971128, 0.936062417, 0.738607736, 0.589057334, 0.529887197, 0.589057334, 0.738607736, 0.936062417, 1.156971128, 1.389945535, pi/2, pi/2, pi/2, pi/2, pi/2, pi/2, pi/2, pi/2];
Inclination.February=[pi/2, pi/2, pi/2, pi/2, pi/2, pi/2, 1.357398527, 1.111201194, 0.87285806, 0.651163665, 0.470382142, 0.392006186, 0.470382142, 0.651163665, 0.87285806, 1.111201194, 1.357398527, pi/2, pi/2, pi/2, pi/2, pi/2, pi/2, pi/2, pi/2];
Inclination.March=[pi/2, pi/2, pi/2, pi/2, pi/2, pi/2, 1.319982672, 1.063421587, 0.809313822, 0.561203822, 0.332986551, 0.207001285, 0.332986551, 0.561203822, 0.809313822, 1.063421587, 1.319982672, pi/2, pi/2, pi/2, pi/2, pi/2, pi/2, pi/2, pi/2];
Inclination.April=[pi/2, pi/2, pi/2, pi/2, pi/2, 1.543948165, 1.288339605, 1.031628337, 0.774216432, 0.516361228, 0.258243652, 0.001052434, 0.258243652, 0.516361228, 0.774216432, 1.031628337, 1.288339605, 1.543948165, pi/2, pi/2, pi/2, pi/2, pi/2, pi/2, pi/2];
Inclination.May=[pi/2, pi/2, pi/2, pi/2, pi/2, 1.517802592, 1.271709624, 1.024113696, 0.776676059, 0.532301239, 0.301386245, 0.163008516, 0.301386245, 0.532301239, 0.776676059, 1.024113696, 1.271709624, 1.517802592, pi/2, pi/2, pi/2, pi/2, pi/2, pi/2, pi/2];
Inclination.June=[pi/2, pi/2, pi/2, pi/2, pi/2, 1.506265383, 1.266820926, 1.026119158, 0.786888171, 0.554353136, 0.345571727, 0.238057674, 0.345571727, 0.554353136, 0.786888171, 1.026119158, 1.266820926, 1.506265383, pi/2, pi/2, pi/2, pi/2, pi/2, pi/2, pi/2];
Inclination.July=[pi/2, pi/2, pi/2, pi/2, pi/2, 1.511323149, 1.268765739, 1.024811379, 0.781689134, 0.543559587, 0.324701626, 0.204896418, 0.324701626, 0.543559587, 0.781689134, 1.024811379, 1.268765739, 1.511323149, pi/2, pi/2, pi/2, pi/2, pi/2, pi/2, pi/2];
Inclination.August=[pi/2, pi/2, pi/2, pi/2, pi/2, 1.532416851, 1.280104436, 1.026352086, 0.77189775, 0.517589562, 0.265987522, 0.070506066, 0.265987522, 0.517589562, 0.77189775, 1.026352086, 1.280104436, 1.532416851, pi/2, pi/2, pi/2, pi/2, pi/2, pi/2, pi/2];
Inclination.September=[pi/2, pi/2, pi/2, pi/2, pi/2, 1.564486704, 1.306302802, 1.048183485, 0.790787904, 0.535669399, 0.289466603, 0.12671614, 0.289466603, 0.535669399, 0.790787904, 1.048183485, 1.306302802, 1.564486704, pi/2, pi/2, pi/2, pi/2, pi/2, pi/2, pi/2];
Inclination.October=[pi/2, pi/2, pi/2, pi/2, pi/2, pi/2, 1.344558282, 1.094059501, 0.849562851, 0.618285289, 0.422576438, 0.332664991, 0.422576438, 0.618285289, 0.849562851, 1.094059501, 1.344558282, pi/2, pi/2, pi/2, pi/2, pi/2, pi/2, pi/2, pi/2];
Inclination.November=[pi/2, pi/2, pi/2, pi/2, pi/2, pi/2, 1.381371277, 1.144645726, 0.918963343, 0.715217892, 0.558257765, 0.494980612, 0.558257765, 0.715217892, 0.918963343, 1.144645726, 1.381371277, pi/2, pi/2, pi/2, pi/2, pi/2, pi/2, pi/2, pi/2];
Inclination.December=[pi/2, pi/2, pi/2, pi/2, pi/2, pi/2, 1.399173253, 1.170413774, 0.954740378, 0.763939317, 0.621811336, 0.566539111, 0.621811336, 0.763939317, 0.954740378, 1.170413774, 1.399173253, pi/2, pi/2, pi/2, pi/2, pi/2, pi/2, pi/2, pi/2];

T_ext.January=273.15 + [8.11, 7.96, 7.3, 7.18, 7.06, 6.94, 6.87, 7.05, 9.75, 11.08, 11.89, 12.71, 12.99, 13.09, 12.17, 11.87, 11.35, 10.58, 10.23, 10, 9.17, 8.87, 8.62, 8.34, 8.11];
T_ext.February=273.15 + [7.02, 6.83, 6.31, 6.15, 6.06, 6.18, 6.09, 6.58, 9.24, 10.36, 11.11, 11.28, 11.57, 11.68, 10.93, 10.67, 10.23, 9.48, 9.03, 8.68, 7.8, 7.41, 7.1, 7.27, 7.02];
T_ext.March=273.15 + [9.98, 9.78, 9.21, 9.03, 8.86, 9.4, 9.55, 10.94, 13.26, 14.13, 14.74, 14.21, 14.4, 14.4, 13.85, 13.61, 13.25, 12.67, 12.1, 11.64, 10.75, 10.36, 9.96, 10.34, 9.98];
