% Meteorological data  in a defined location, that is Vienna (Austria). 

%Vienna: 48.116573 N --->	48° 6' 59.663'' N
%Vienna: 16.532471 E --->	16° 31' 56.896'' E

%Source: PVGIS (https://re.jrc.ec.europa.eu/pvg_tools/en/)
%% Legend
%Inclination: Inclination of sunrays respect to normal to fixed sloped plane 
%Irradiance_si: Irradiance on fixed sloped plane
%Irradiance_ts: Module of solar irradiance
%T_ext: Ambient temperature

%Slope angle: 34.8
%Azimuth angle: 0

%Reference is local time. 


%%

time = 3600*[0,1,2,3,4,5,6,7,8,9,10,11,12,13,14,15,16,17,18,19,20,21,22,23,24];

%%

Irradiance_si = struct();
Irradiance_ts = struct();
T_ext = struct();
Inclination=struct();

Irradiance_si.January=[0	0	0	0	0	0	0	0	61.04	179.66	246.01	279.54	304.62	265.45	216.65	145.44	16.89	0	0	0	0	0	0	0	0];
Irradiance_si.February=[0	0	0	0	0	0	0	5.78	137.51	267.16	360.63	406.07	443.29	406.64	356.64	261.98	140.17	3.24	0	0	0	0	0	0	0];
Irradiance_si.March=[0	0	0	0	0	0	3.62	105.82	257.04	402.33	519.99	577.28	589.65	537.11	476.75	372.51	229.14	81.79	0.09	0	0	0	0	0	0];
Irradiance_si.April=[0	0	0	0	0	2.21	65.02	211.71	389.5	550.88	666.74	717.27	736.04	674.45	573.9	445.87	292.58	135.53	19.65	0	0	0	0	0	0];
Irradiance_si.May=[0	0	0	0	0	26.36	106.49	250.37	407.47	556.45	656.39	684.55	684.53	657.76	562.61	448.7	309.69	163.41	50.23	4.58	0	0	0	0	0];
Irradiance_si.June=[0	0	0	0	0.73	40.36	123.15	269.62	430.15	584.54	689.13	745.34	740.03	695.06	594.38	473.41	341.84	193.73	71.3	22.86	0	0	0	0	0];
Irradiance_si.July=[0	0	0	0	0	30.72	107.88	257.6	427.51	592.84	701.56	756.63	761.13	716.63	601.79	491.62	353.18	205.01	73.03	19.94	0	0	0	0	0];
Irradiance_si.August=[0	0	0	0	0	7.25	74.94	217.61	381.42	543.72	657.82	720.52	729.19	679.51	595.9	464.66	324.68	168.54	41.13	0.97	0	0	0	0	0];
Irradiance_si.September=[0	0	0	0	0	0	35.87	175.67	339.23	500.93	610.01	672.37	667.72	606.14	513.68	377.34	237.46	84.32	2.25	0	0	0	0	0	0];
Irradiance_si.October=[0	0	0	0	0	0	0.62	100.04	235.85	356.29	431.41	494.49	497.6	458.68	384.17	259.57	114.84	2.2	0	0	0	0	0	0	0];
Irradiance_si.November=[0	0	0	0	0	0	0	7.05	125.69	221.69	282.05	317.37	333.76	301.89	241.87	131.12	3.82	0	0	0	0	0	0	0	0];
Irradiance_si.December=[0	0	0	0	0	0	0	0	57.53	162.54	230.34	263.28	281.88	245.88	197.48	101.98	0	0	0	0	0	0	0	0	0];


Irradiance_ts.January=[0	0	0	0	0	0	0	0	129.32	261.55	300.63	313.31	338.25	301.57	273.08	226.36	35.38	0	0	0	0	0	0	0	0];
Irradiance_ts.February=[0	0	0	0	0	0	0	13.24	250.78	367.99	424.1	441.07	473.04	448.22	428.82	372.58	275.53	7.39	0	0	0	0	0	0	0];
Irradiance_ts.March=[0	0	0	0	0	0	6.6	262.11	421.25	517.96	583.88	601.8	602.55	566.74	550.09	504.53	407.35	251.83	0.05	0	0	0	0	0	0];
Irradiance_ts.April=[0	0	0	0	0	3.52	239.6	444.41	589.92	679.91	723.99	729.03	739.52	704.98	659.43	605.21	515.96	379.19	130.73	0	0	0	0	0	0];
Irradiance_ts.May=[0	0	0	0	0	115.81	325.65	480.73	591.69	672.85	705.57	694.09	688.73	688.66	645.26	602.76	531.69	407.5	264.14	21.74	0	0	0	0	0];
Irradiance_ts.June=[0	0	0	0	0.39	180.12	373.27	523.34	637.8	716.3	748.91	761.31	747.72	728.94	680.17	627.26	574.35	468.08	344.11	110.94	0	0	0	0	0];
Irradiance_ts.July=[0	0	0	0	0	125.28	361.96	533.26	656.02	741.68	767.74	773.01	765.64	746.18	681.98	646.21	585.78	495.06	336.7	102.08	0	0	0	0	0];
Irradiance_ts.August=[0	0	0	0	0	31.21	274.53	458.31	580.92	675.34	717.1	732.75	730.57	706.65	679.08	619.24	564.64	448.31	238.28	0.65	0	0	0	0	0];
Irradiance_ts.September=[0	0	0	0	0	0	136.95	372.58	512.76	619.51	665.49	689.58	679.21	645.43	607.94	535.58	458.54	285.8	7.87	0	0	0	0	0	0];
Irradiance_ts.October=[0	0	0	0	0	0	0.34	216.98	354.17	441.28	478.84	522.87	528.14	515.64	488.74	410.94	264.75	5.06	0	0	0	0	0	0	0];
Irradiance_ts.November=[0	0	0	0	0	0	0	14.33	203.72	284.34	324.66	346.54	367.92	353.03	323.7	220.52	6.81	0	0	0	0	0	0	0	0];
Irradiance_ts.December=[0	0	0	0	0	0	0	0	113.46	228.14	279.92	298.86	319.74	292.25	267.54	180.15	0	0	0	0	0	0	0	0	0];


Inclination.January=[1.57079632679490	1.57079632679490	1.57079632679490	1.57079632679490	1.57079632679490	1.57079632679490	1.57079632679490	1.41707074600000	1.18922954600000	0.975622292000000	0.788198965000000	0.650234921000000	0.597191858000000	0.650234921000000	0.788198965000000	0.975622292000000	1.18922954600000	1.41707074600000	1.57079632679490	1.57079632679490	1.57079632679490	1.57079632679490	1.57079632679490	1.57079632679490	1.57079632679490];
Inclination.February=[1.57079632679490	1.57079632679490	1.57079632679490	1.57079632679490	1.57079632679490	1.57079632679490	1.57079632679490	1.37597465200000	1.13484549600000	0.903779139000000	0.693008757000000	0.527536022000000	0.459310847000000	0.527536022000000	0.693008757000000	0.903779139000000	1.13484549600000	1.37597465200000	1.57079632679490	1.57079632679490	1.57079632679490	1.57079632679490	1.57079632679490	1.57079632679490	1.57079632679490];
Inclination.March = [1.57079632679490	1.57079632679490	1.57079632679490	1.57079632679490	1.57079632679490	1.57079632679490	1.57079632679490	1.32637612600000	1.07414504200000	0.825968208000000	0.587452219000000	0.377783437000000	0.274305946000000	0.377783437000000	0.587452219000000	0.825968208000000	1.07414504200000	1.32637612600000	1.57079632679490	1.57079632679490	1.57079632679490	1.57079632679490	1.57079632679490	1.57079632679490	1.57079632679490];
Inclination.April=[1.57079632679490	1.57079632679490	1.57079632679490	1.57079632679490	1.57079632679490	1.57079632679490	1.53316837900000	1.28064510700000	1.02670386500000	0.772061950000000	0.517531959000000	0.265536657000000	0.0683570940000000	0.265536657000000	0.517531959000000	0.772061950000000	1.02670386500000	1.28064510700000	1.53316837900000	1.57079632679490	1.57079632679490	1.57079632679490	1.57079632679490	1.57079632679490	1.57079632679490];
Inclination.May=[1.57079632679490	1.57079632679490	1.57079632679490	1.57079632679490	1.57079632679490	1.57079632679490	1.49650014200000	1.25281373300000	1.00649467800000	0.758873224000000	0.511508674000000	0.269008500000000	0.0957038550000000	0.269008500000000	0.511508674000000	0.758873224000000	1.00649467800000	1.25281373300000	1.49650014200000	1.57079632679490	1.57079632679490	1.57079632679490	1.57079632679490	1.57079632679490	1.57079632679490];
Inclination.June=[1.57079632679490	1.57079632679490	1.57079632679490	1.57079632679490	1.57079632679490	1.57079632679490	1.48030539000000	1.24291946200000	1.00283770200000	0.762239411000000	0.524573116000000	0.301279287000000	0.170753013000000	0.301279287000000	0.524573116000000	0.762239411000000	1.00283770200000	1.24291946200000	1.48030539000000	1.57079632679490	1.57079632679490	1.57079632679490	1.57079632679490	1.57079632679490	1.57079632679490];
Inclination.July=[1.57079632679490	1.57079632679490	1.57079632679490	1.57079632679490	1.57079632679490	1.57079632679490	1.48740628300000	1.24706265200000	1.00401280700000	0.760023064000000	0.517618666000000	0.285094112000000	0.137591757000000	0.285094112000000	0.517618666000000	0.760023064000000	1.00401280700000	1.24706265200000	1.48740628300000	1.57079632679490	1.57079632679490	1.57079632679490	1.57079632679490	1.57079632679490	1.57079632679490];
Inclination.August=[1.57079632679490	1.57079632679490	1.57079632679490	1.57079632679490	1.57079632679490	1.57079632679490	1.51700062700000	1.26749670800000	1.01586808000000	0.762875599000000	0.509015393000000	0.254643989000000	0.00320140500000000	0.254643989000000	0.509015393000000	0.762875599000000	1.01586808000000	1.26749670800000	1.51700062700000	1.57079632679490	1.57079632679490	1.57079632679490	1.57079632679490	1.57079632679490	1.57079632679490];
