% Meteorological data  in a defined location, that is Macapà (Brazil). 

%Macapà: 0° 3' 14.87'' N ---> 0.054131 N
%Macapà: -52° 55' 34.49" E --->	-51.073752 E

%Source: PV-GIS (https://re.jrc.ec.europa.eu/pvg_tools/en/)

%% Legend
%Inclination: Inclination of sunrays respect to normal to fixed sloped plane 
%Irradiance_si: Irradiance on fixed sloped plane
%Irradiance_ts: Module of solar irradiance
%T_ext: Ambient temperature

%Slope angle: 1.38
%Azimuth angle: 0

%Reference is local time. 



%%

time = 3600*[0,1,2,3,4,5,6,7,8,9,10,11,12,13,14,15,16,17,18,19,20,21,22,23,24];

%%

Irradiance_si = struct();
T_ext = struct();
Inclination=struct();

Irradiance_si.January=[0	0	0	0	0	0	0	49.62	201.74	387.67	537.52	669.88	753.82	752.5	644.15	509.2	312.48	140.95	19.86	0	0	0	0	0	0];
Irradiance_si.February=[0	0	0	0	0	0	0	34.98	164.39	321.93	495.96	624.31	713.44	702.79	612.34	469.81	286.52	113.92	23.42	0	0	0	0	0	0];
Irradiance_si.March=[0	0	0	0	0	0	0	43.57	178.54	327.26	486.49	615.29	690.99	648.02	569.93	411.54	225.12	81.42	15.45	0	0	0	0	0	0];
Irradiance_si.April=[0	0	0	0	0	0	0	64.64	205.51	361.62	513.03	620.58	685.5	644.55	563.22	411.07	214.66	83.07	10.57	0	0	0	0	0	0];
Irradiance_si.May=[0	0	0	0	0	0	0	75.37	233.49	400.6	554.21	661.7	716.14	680.75	556.44	422.2	249.52	95.1	8.28	0	0	0	0	0	0];
Irradiance_si.June=[0	0	0	0	0	0	0	67.18	232.29	419.58	584.39	695.04	765.91	731.38	644.3	486.87	308.27	131.07	15.63	0	0	0	0	0	0];
Irradiance_si.July=[0	0	0	0	0	0	0	58.63	230.13	434.79	625.58	763.26	833.59	816.11	715.45	551	350.11	163.76	22.33	0	0	0	0	0	0];
Irradiance_si.August=[0	0	0	0	0	0	0	77.62	286.51	513.71	717.62	865.06	944.1	923.62	815.5	634.44	395.4	167.77	19.48	0	0	0	0	0	0];
Irradiance_si.September=[0	0	0	0	0	0	0	120.65	353.11	590.06	788.3	929.1	998.68	970.07	868.81	682.55	341.13	91.41	7.2	0	0	0	0	0	0];
Irradiance_si.October=[0	0	0	0	0	0	0	154.45	393.99	613.23	810.81	937.52	989.64	952.65	826.69	629.01	352.94	97	0.88	0	0	0	0	0	0];
Irradiance_si.November=[0	0	0	0	0	0	0	139.05	366.49	577.02	760.08	884.58	930.37	895.34	772.43	596.33	369.29	127.22	1.21	0	0	0	0	0	0];
Irradiance_si.December=[0	0	0	0	0	0	0	91.62	274.14	472.98	636.48	762.54	813.78	779.58	654.08	499.92	304.47	120.65	8.61	0	0	0	0	0	0];


Irradiance_ts.January=[0	0	0	0	0	0	0	131.99	359.75	554.65	655.94	741.48	799.42	799.21	718.02	625.26	448.01	256.87	50.32	0	0	0	0	0	0];
Irradiance_ts.February=[0	0	0	0	0	0	0	86.69	256.43	419.77	576.52	665.72	729.83	717.47	650.16	538.93	359.94	156.01	51.47	0	0	0	0	0	0];
Irradiance_ts.March=[0	0	0	0	0	0	0	99.77	273.71	410.44	547.91	644.05	695.33	653.06	598.33	459.45	257.2	102.06	31.67	0	0	0	0	0	0];
Irradiance_ts.April=[0	0	0	0	0	0	0	153.43	322.59	459.49	581.06	649.64	694.5	658.11	605.28	482.04	265.25	125.15	32.15	0	0	0	0	0	0];
Irradiance_ts.May=[0	0	0	0	0	0	0	198	405.95	557.96	661.21	720.57	750.19	721.95	622.51	527.46	367.15	177.66	28	0	0	0	0	0	0];
Irradiance_ts.June=[0	0	0	0	0	0	0	190.28	442.02	622.39	734.96	784.57	825.7	794.94	746.19	636.8	489.25	285.33	63.55	0	0	0	0	0	0];
Irradiance_ts.July=[0	0	0	0	0	0	0	188.15	460.79	664.97	799.85	867.1	894.51	880.5	824.56	718.12	552.25	345.77	79.83	0	0	0	0	0	0];
Irradiance_ts.August=[0	0	0	0	0	0	0	262.19	584.25	780.59	896.12	951.55	978.11	965.25	919.02	818.07	597.94	305.72	49.85	0	0	0	0	0	0];
Irradiance_ts.September=[0	0	0	0	0	0	0	377.81	683.75	851.55	937.66	982.45	1003.45	994.74	976.27	903.13	466.11	127.97	21.67	0	0	0	0	0	0];
Irradiance_ts.October=[0	0	0	0	0	0	0	445.78	732.37	861.19	951.47	988.15	1003.41	995.76	953.52	851.91	555.32	162.83	0.46	0	0	0	0	0	0];
Irradiance_ts.November=[0	0	0	0	0	0	0	395.65	686.96	826.13	916.63	966.45	979.91	970.56	918.52	836.35	650.06	271.65	0.64	0	0	0	0	0	0];
Irradiance_ts.December=[0	0	0	0	0	0	0	262.89	510.23	689.82	786.53	856.07	876.68	851.31	760.85	656.7	486.23	235.14	36.21	0	0	0	0	0	0];


Inclination.January=[1.57079632679490	1.57079632679490	1.57079632679490	1.57079632679490	1.57079632679490	1.57079632679490	1.57079632679490	1.32693369100000	1.08516702400000	0.849651415000000	0.628845032000000	0.446335943000000	0.365718578000000	0.446335943000000	0.628845032000000	0.849651415000000	1.08516702400000	1.32693369100000	1.57079632679490	1.57079632679490	1.57079632679490	1.57079632679490	1.57079632679490	1.57079632679490	1.57079632679490];
Inclination.February=[1.57079632679490	1.57079632679490	1.57079632679490	1.57079632679490	1.57079632679490	1.57079632679490	1.57079632679490	1.31607794000000	1.06217644800000	0.811004075000000	0.566813331000000	0.345352251000000	0.227837567000000	0.345352251000000	0.566813331000000	0.811004075000000	1.06217644800000	1.31607794000000	1.57079632679490	1.57079632679490	1.57079632679490	1.57079632679490	1.57079632679490	1.57079632679490	1.57079632679490];
Inclination.March = [1.57079632679490	1.57079632679490	1.57079632679490	1.57079632679490	1.57079632679490	1.57079632679490	1.57079632679490	1.30927304300000	1.04774983800000	0.786331294000000	0.525195768000000	0.265205905000000	0.0428326660000000	0.265205905000000	0.525195768000000	0.786331294000000	1.04774983800000	1.30927304300000	1.57079632679490	1.57079632679490	1.57079632679490	1.57079632679490	1.57079632679490	1.57079632679490	1.57079632679490];
Inclination.April=[1.57079632679490	1.57079632679490	1.57079632679490	1.57079632679490	1.57079632679490	1.57079632679490	1.57064202200000	1.31243371200000	1.05475577700000	0.798522477000000	0.546111622000000	0.307446572000000	0.163116186000000	0.307446572000000	0.546111622000000	0.798522477000000	1.05475577700000	1.31243371200000	1.57064202200000	1.57079632679490	1.57079632679490	1.57079632679490	1.57079632679490	1.57079632679490	1.57079632679490];
Inclination.May=[1.57079632679490	1.57079632679490	1.57079632679490	1.57079632679490	1.57079632679490	1.57079632679490	1.57049186200000	1.32295149900000	1.07738975300000	0.837010060000000	0.609164422000000	0.416038719000000	0.327177135000000	0.416038719000000	0.609164422000000	0.837010060000000	1.07738975300000	1.32295149900000	1.57049186200000	1.57079632679490	1.57079632679490	1.57079632679490	1.57079632679490	1.57079632679490	1.57079632679490];
Inclination.June=[1.57079632679490	1.57079632679490	1.57079632679490	1.57079632679490	1.57079632679490	1.57079632679490	1.57042566100000	1.33003930600000	1.09248439600000	0.862181881000000	0.648552297000000	0.475967983000000	0.402226293000000	0.475967983000000	0.648552297000000	0.862181881000000	1.09248439600000	1.33003930600000	1.57042566100000	1.57079632679490	1.57079632679490	1.57079632679490	1.57079632679490	1.57079632679490	1.57079632679490];
Inclination.July=[1.57079632679490	1.57079632679490	1.57079632679490	1.57079632679490	1.57079632679490	1.57079632679490	1.57045467700000	1.32673590500000	1.08546286100000	0.850518075000000	0.630458355000000	0.448964823000000	0.369065037000000	0.448964823000000	0.630458355000000	0.850518075000000	1.08546286100000	1.32673590500000	1.57045467700000	1.57079632679490	1.57079632679490	1.57079632679490	1.57079632679490	1.57079632679490	1.57079632679490];
Inclination.August=[1.57079632679490	1.57079632679490	1.57079632679490	1.57079632679490	1.57079632679490	1.57079632679490	1.57057577600000	1.31616535900000	1.06282549900000	0.812356678000000	0.569228171000000	0.349753086000000	0.234674685000000	0.349753086000000	0.569228171000000	0.812356678000000	1.06282549900000	1.31616535900000	1.57057577600000	1.57079632679490	1.57079632679490	1.57079632679490	1.57079632679490	1.57079632679490	1.57079632679490];
Inclination.September=[1.57079632679490	1.57079632679490	1.57079632679490	1.57079632679490	1.57079632679490	1.57079632679490	1.57076005900000	1.30915700900000	1.04758144400000	0.786084168000000	0.524802425000000	0.264399150000000	0.0374524790000000	0.264399150000000	0.524802425000000	0.786084168000000	1.04758144400000	1.30915700900000	1.57076005900000	1.57079632679490	1.57079632679490	1.57079632679490	1.57079632679490	1.57079632679490	1.57079632679490];
